4,3,30,
WalkingSlow,DrivingInHand,DrivingOther,SemiStationary,
2.04198030147,2.24233815146,1.25345224957,
3.3939552615,1.6848313936,2.39590858467,
5.14715905202,1.68362066278,1.39749381545,
3.01607679962,0.271682767824,1.56649086207,
5.35965118725,1.25782678292,-1.02807022088,1.25782678292,1.35427015561,0.179766271407,-1.02807022088,0.179766271407,1.83777850984,
1.05688427484,0.0894705728751,-0.00328840376893,0.0894705728751,0.979932994938,-0.212762873694,-0.00328840376893,-0.212762873694,0.865925063779,
0.571039346569,-0.268903302403,0.0913262309723,-0.268903302403,1.46941937815,0.397992116562,0.0913262309723,0.397992116562,1.78550895828,
1.57305860948,0.106732714341,-0.0774240206281,0.106732714341,0.971783644943,-0.0737701134848,-0.0774240206281,-0.0737701134848,0.734555586041,
0.183608254916,0.0582675604587,0.070898566341,0.0666338502806,
1.01317214326,0.922757399648,0.0420439027588,0.145845091791,-0.0135519415613,0.103624971736,-0.0141346001541,-0.0559675691765,-0.017848853818,0.0116861934339,-0.0140857113419,-0.0442350703232,-0.078922108166,-0.00664961479297,-0.015694634195,0.0183266995617,-0.0371879971805,-0.0852863500483,0.217027109872,-0.0763017534617,-0.0270995419567,-0.140855078517,0.197312033933,0.255260541332,0.10293679833,-0.159702167988,-0.290010152124,-0.765319029122,-0.424813339962,0.26404900279,72.2576132512,-3.63546190686,0.000447033483278,0.0115586328312,-0.0359729433853,-0.116204048801,-0.0449178946472,-0.184231362134,-0.11617563489,-0.238125476432,-0.0840021354972,-0.0352023235234,-0.156117001139,-0.81631909644,0.0634385658419,-0.142840693253,-0.123978768121,-0.272717646069,-0.163950884915,-0.19582531402,-0.0189546365896,0.0349360307206,-0.208459059809,0.746372833623,-0.353027630843,0.476831955681,0.460214060682,0.0467718419131,0.121425697445,0.489208108697,6.76086805478,-0.631092834875,0.00685333593092,0.152144951701,0.04156675513,0.104090930238,-0.119666812233,-0.179869533298,-0.0692986273107,0.0668878673921,-0.196250523734,-0.279217228604,0.0776970769037,-0.0976140289719,0.19569587043,0.0653416976928,0.0567907121157,0.209192206517,-0.208467033531,-0.195524526688,-0.0670672139466,-0.228742272228,-0.0882763622146,-0.060448923705,1.11491722588,-0.282535305461,1.4443292143,-0.640241656377,0.429076297925,-0.618435897369,
